6281871555232   
6281183906425 
6281198993345   
6281129865737
6281191889928
6281180616756 
6281119999141     
6281123105335 
6281116118525
6281680180061
6281892777758 
6281196826042
6281777122667  
6281893588833
6281870606070
6281680999146   
6281192800931
6281110746932
6281121911925  
6281699283145
6281182674437
6281188084228   
6281651159856
6281831668641
6281130828035 
6281172858525
6281849228761   
6281189810658
6281127915242 
6281635535867
6281670366233   
6281199598070
6281869468646 
6281116738831 
6281696159655
6281118280929
6281130634954
6281115588544
6281186644233
6281774454528    
6281610867067 
6281677219152   
6281874272646
6281189850837
6281690890571
6281119383857   
6281110968664
6281115367926   
6281111848457       
6281199362369
6281115412948   
6281833039630
6281113586149 
6281777240155
6281816801367 
6281891852032
6281870303925
6281742049745      
6281180701237   
6281888191228  
6281781007856 
6281779694041
6281193718635
6281186679525
6281783171861 
6281724376158
6281771924042   
6281880866967
6281888687833
6281679762570
6281710878846
6281196878831
6281783109132 
6281888733625
6281777112545 
6281780161237 
6281181816328
6281779988056 
6281691149841 
6281677235435
6281670731425 
6281896737361
6281831877758 
6281717988042 
6281182266067  
6281193718433
6281623478970 
6281118331146
6281123465731
6281871792755 
6281114616629     
6281783080354
6281682223044
6281812058433   
6281185495828
6281184950367
6281655544452
6281874666946 
6281784058237
6281719932771  
6281811544657     
6281811801764
6281189797143
6281779680054
6281131312167
6281684920452     
6281168009946 
6281779853437
6281110772257
